idle floor: 422.29 W   |   6 run(s)

Load and power
conc  dur_s req/s outTok/s allTok/s TTFT_ms ITL_ms avg_W dyn_W energy_J idleDev idle% xcheck%         src
---------------------------------------------------------------------------------------------------------
   1 533.95  0.24     61.4    306.8    82.2  16.02 609.2 186.9 325281.6       7  60.8    -0.0 aiperf nvml
   2 272.98  0.47    120.0    600.2   126.1  16.22 610.8 188.5 166737.5       7  60.7    -0.0 aiperf nvml
   4 141.37  0.91    231.8   1158.9   170.1  16.64 619.8 197.5  87618.5       7  59.8    -0.1 aiperf nvml
   8  75.69  1.69    432.9   2164.7   227.4  17.64 636.6 214.3  48179.9       7  58.2    -0.2 aiperf nvml
  16  41.77  3.06    784.5   3922.5   387.6  18.91 668.3 246.1  27915.9       7  55.4    -0.2 aiperf nvml
  32  28.28  4.53   1158.6   5792.8   634.6  25.10 683.3 261.0  19327.0       7  54.3    -0.4 aiperf nvml

Tokens produced
conc reqs in_tok out_tok all_tok OSLavg OSLp50 OSLmin OSLmax OSLstd tgt
-----------------------------------------------------------------------
   1  128 131072   32768  163840  256.0    256    256    256    0.0 256
   2  128 131072   32768  163840  256.0    256    256    256    0.0 256
   4  128 131072   32769  163841  256.0    256    256    257    0.1 256
   8  128 131072   32768  163840  256.0    256    256    256    0.0 256
  16  128 131072   32768  163840  256.0    256    256    256    0.0 256
  32  128 131072   32769  163841  256.0    256    256    257    0.1 256

Token energy efficiency
conc tok/J tok/J_dyn mJ/outTok mJ/allTok   J/req
------------------------------------------------
   1  0.10      0.33    9926.8    1985.4 2541.26
   2  0.20      0.64    5088.4    1017.7 1302.64
   4  0.37      1.17    2673.8     534.8  684.52
   8  0.68      2.02    1470.3     294.1  376.41
  16  1.17      3.19     851.9     170.4  218.09
  32  1.70      4.44     589.8     118.0  150.99

wrote results/aiperf/sophia-20260819-201913/summary.json
