idle floor: 1061.10 W   |   6 run(s)

Load and power
conc  dur_s req/s outTok/s allTok/s TTFT_ms ITL_ms  avg_W dyn_W energy_J idleDev idle% xcheck%            src
-------------------------------------------------------------------------------------------------------------
   1 637.70  0.20     51.4    256.9    82.1  19.21 1195.7 134.6 762501.9       8  59.2     n/a sidecar aurora
   2 355.80  0.36     92.1    460.5   139.5  21.24 1195.2 134.1 425245.6       8  59.2     n/a sidecar aurora
   4 192.20  0.67    170.5    852.7   186.3  22.80 1198.6 137.5 230365.4       8  59.1     n/a sidecar aurora
   8 101.60  1.26    322.6   1612.9   240.3  23.93 1220.5 159.4 124006.0       8  58.1     n/a sidecar aurora
  16  53.80  2.38    608.6   3042.9   364.6  24.89 1257.3 196.2  67642.9       8  56.3     n/a sidecar aurora
  32  36.50  3.50    896.3   4481.3   586.9  33.33 1267.8 206.7  46276.1       8  55.9     n/a sidecar aurora

Tokens produced
conc reqs in_tok out_tok all_tok OSLavg OSLp50 OSLmin OSLmax OSLstd tgt
-----------------------------------------------------------------------
   1  128 131072   32767  163839  256.0    256    255    256    0.1 256
   2  128 131072   32768  163840  256.0    256    256    256    0.0 256
   4  128 131072   32767  163839  256.0    256    255    256    0.1 256
   8  128 131072   32768  163840  256.0    256    256    256    0.0 256
  16  128 131072   32768  163840  256.0    256    256    256    0.0 256
  32  128 131072   32768  163840  256.0    256    256    256    0.0 256

Token energy efficiency
conc tok/J tok/J_dyn mJ/outTok mJ/allTok   J/req
------------------------------------------------
   1  0.04      0.38   23270.4    4654.0 5957.05
   2  0.08      0.69   12977.5    2595.5 3322.23
   4  0.14      1.24    7030.4    1406.0 1799.73
   8  0.26      2.02    3784.4     756.9  968.80
  16  0.48      3.10    2064.3     412.9  528.46
  32  0.71      4.34    1412.2     282.4  361.53

wrote results/aiperf/aurora-20260817-183224/summary.json
