idle floor: 205.38 W   |   6 run(s)

Load and power
conc  dur_s req/s outTok/s allTok/s TTFT_ms ITL_ms avg_W dyn_W energy_J idleDev idle% xcheck%         src
---------------------------------------------------------------------------------------------------------
   1 755.23  0.04     10.8     54.2   116.5  92.09 484.6 279.3 366009.0       0   0.0    -0.0 aiperf nvml
   2 293.66  0.11     27.9    139.5   201.2  71.16 500.0 294.6 146823.8       0   0.0    -0.0 aiperf nvml
   4 146.75  0.22     55.8    279.1   220.0  71.01 522.1 316.8  76626.5       0   0.0    -0.0 aiperf nvml
   8  74.59  0.43    109.8    549.1   381.3  71.43 553.1 347.8  41262.2       0   0.0    -0.0 aiperf nvml
  16  38.81  0.82    211.0   1055.2   705.8  72.72 622.8 417.4  24174.0       0   0.0    -0.2 aiperf nvml
  32  21.70  1.47    377.4   1887.2  1745.8  76.13 730.9 525.5  15863.4       0   0.0    -0.3 aiperf nvml

Tokens produced
conc reqs in_tok out_tok all_tok OSLavg OSLp50 OSLmin OSLmax OSLstd tgt
-----------------------------------------------------------------------
   1   32  32768    8192   40960  256.0    256    256    256    0.0 256
   2   32  32768    8193   40961  256.0    256    256    257    0.2 256
   4   32  32770    8192   40962  256.0    256    256    256    0.0 256
   8   32  32768    8191   40959  256.0    256    255    256    0.2 256
  16   32  32768    8192   40960  256.0    256    256    256    0.0 256
  32   32  32768    8192   40960  256.0    256    256    256    0.0 256

Token energy efficiency
conc tok/J tok/J_dyn mJ/outTok mJ/allTok    J/req
-------------------------------------------------
   1  0.02      0.04   44678.8    8935.8 11437.78
   2  0.06      0.09   17920.6    3584.5  4588.24
   4  0.11      0.18    9353.8    1870.7  2394.58
   8  0.20      0.32    5037.5    1007.4  1289.44
  16  0.34      0.51    2950.9     590.2   755.44
  32  0.52      0.72    1936.5     387.3   495.73

wrote results/aiperf/polaris-20260814-201812/summary.json
