idle floor: 215.28 W   |   6 run(s)

Load and power
conc  dur_s req/s outTok/s allTok/s TTFT_ms ITL_ms avg_W dyn_W energy_J idleDev idle% xcheck%         src
---------------------------------------------------------------------------------------------------------
   1 487.09  0.26     67.3    336.4    91.9  14.55 439.0 223.7 213819.4       3  38.0    -0.0 aiperf nvml
   2 257.74  0.50    127.1    635.7   130.7  15.27 439.2 223.9 113189.4       3  38.5    -0.0 aiperf nvml
   4 135.23  0.95    242.3   1211.5   225.3  15.68 439.0 223.7  59364.4       3  38.2    -0.1 aiperf nvml
   8  74.29  1.72    441.0   2205.4   330.3  16.90 451.6 236.3  33546.9       3  37.0    -0.1 aiperf nvml
  16  43.87  2.92    746.8   3734.2   423.6  19.81 472.9 257.7  20750.4       3  35.9    -0.0 aiperf nvml
  32  30.14  4.25   1087.1   5435.6   591.3  27.08 474.9 259.6  14314.5       3  34.9    -0.2 aiperf nvml

Tokens produced
conc reqs in_tok out_tok all_tok OSLavg OSLp50 OSLmin OSLmax OSLstd tgt
-----------------------------------------------------------------------
   1  128 131072   32768  163840  256.0    256    256    256    0.0 256
   2  128 131072   32768  163840  256.0    256    256    256    0.0 256
   4  128 131072   32768  163840  256.0    256    255    257    0.1 256
   8  128 131073   32765  163838  256.0    256    254    256    0.2 256
  16  128 131072   32768  163840  256.0    256    256    256    0.0 256
  32  128 131072   32767  163839  256.0    256    255    256    0.1 256

Token energy efficiency
conc tok/J tok/J_dyn mJ/outTok mJ/allTok   J/req
------------------------------------------------
   1  0.15      0.30    6525.3    1305.1 1670.46
   2  0.29      0.57    3454.3     690.9  884.29
   4  0.55      1.08    1811.7     362.3  463.78
   8  0.98      1.87    1023.9     204.8  262.09
  16  1.58      2.90     633.3     126.7  162.11
  32  2.29      4.19     436.9      87.4  111.83

wrote results/aiperf/polaris-20260814-153054/summary.json
