idle floor: 425.45 W   |   6 run(s)

Load and power
conc  dur_s req/s outTok/s allTok/s TTFT_ms ITL_ms  avg_W dyn_W energy_J idleDev idle% xcheck%         src
----------------------------------------------------------------------------------------------------------
   1 647.54  0.20     50.6    253.0    44.0  19.65  932.2 506.7 603610.5       0   0.0    -0.0 aiperf nvml
   2 342.77  0.37     95.6    478.0    71.8  20.71  939.6 514.2 322087.7       0   0.0    -0.1 aiperf nvml
   4 175.02  0.73    187.2    936.1    87.7  21.09  958.0 532.5 167672.3       0   0.0    -0.0 aiperf nvml
   8  88.64  1.44    369.7   1848.4    94.8  21.32  989.3 563.8  87688.4       0   0.0    -0.1 aiperf nvml
  16  45.25  2.83    724.1   3620.7   133.7  21.59 1052.1 626.6  47608.4       0   0.0    -0.3 aiperf nvml
  32  23.26  5.50   1408.7   7043.7   211.1  21.79 1171.1 745.7  27240.6       0   0.0    -0.3 aiperf nvml

Tokens produced
conc reqs in_tok out_tok all_tok OSLavg OSLp50 OSLmin OSLmax OSLstd tgt
-----------------------------------------------------------------------
   1  128 131072   32768  163840  256.0    256    256    256    0.0 256
   2  128 131072   32768  163840  256.0    256    256    256    0.0 256
   4  128 131072   32768  163840  256.0    256    256    256    0.0 256
   8  128 131072   32771  163843  256.0    256    256    258    0.2 256
  16  128 131072   32768  163840  256.0    256    256    256    0.0 256
  32  128 131073   32768  163841  256.0    256    256    256    0.0 256

Token energy efficiency
conc tok/J tok/J_dyn mJ/outTok mJ/allTok   J/req
------------------------------------------------
   1  0.05      0.10   18420.7    3684.1 4715.71
   2  0.10      0.19    9829.3    1965.9 2516.31
   4  0.20      0.35    5117.0    1023.4 1309.94
   8  0.37      0.66    2675.8     535.2  685.07
  16  0.69      1.16    1452.9     290.6  371.94
  32  1.20      1.89     831.3     166.3  212.82

wrote results/aiperf/sophia-20260819-220438/summary.json
