idle floor: 1080.61 W   |   6 run(s)

Load and power
conc  dur_s req/s outTok/s allTok/s TTFT_ms ITL_ms  avg_W dyn_W energy_J idleDev idle% xcheck%            src
-------------------------------------------------------------------------------------------------------------
   1 762.90  0.04     10.7     53.7   289.8  92.35 1183.0 102.4 902537.7       8  61.9     n/a sidecar aurora
   2 398.10  0.08     20.6    102.9   561.7  95.34 1189.3 108.7 473447.4       8  61.5     n/a sidecar aurora
   4 204.20  0.16     40.1    200.5   763.9  97.05 1199.2 118.6 244879.9       8  61.0     n/a sidecar aurora
   8 107.40  0.30     76.3    381.5  1238.5 100.22 1218.3 137.6 130840.3       8  60.0     n/a sidecar aurora
  16  59.20  0.54    138.3    691.7  1967.8 107.59 1246.2 165.6  73774.6       8  58.7     n/a sidecar aurora
  32  38.40  0.83    213.3   1066.6  4361.8 130.20 1267.2 186.6  48660.7       8  57.7     n/a sidecar aurora

Tokens produced
conc reqs in_tok out_tok all_tok OSLavg OSLp50 OSLmin OSLmax OSLstd tgt
-----------------------------------------------------------------------
   1   32  32768    8192   40960  256.0    256    256    256    0.0 256
   2   32  32768    8192   40960  256.0    256    256    256    0.0 256
   4   32  32768    8192   40960  256.0    256    256    256    0.0 256
   8   32  32768    8192   40960  256.0    256    256    256    0.0 256
  16   32  32768    8192   40960  256.0    256    256    256    0.0 256
  32   32  32768    8192   40960  256.0    256    256    256    0.0 256

Token energy efficiency
conc tok/J tok/J_dyn mJ/outTok mJ/allTok    J/req
-------------------------------------------------
   1  0.01      0.10  110173.1   22034.6 28204.30
   2  0.02      0.19   57793.9   11558.8 14795.23
   4  0.03      0.34   29892.6    5978.5  7652.50
   8  0.06      0.55   15971.7    3194.3  4088.76
  16  0.11      0.84    9005.7    1801.1  2305.46
  32  0.17      1.14    5940.0    1188.0  1520.65

wrote results/aiperf/aurora-20260814-193439/summary.json
