idle floor: 425.29 W   |   6 run(s)

Load and power
conc   dur_s req/s outTok/s allTok/s TTFT_ms ITL_ms  avg_W dyn_W  energy_J idleDev idle% xcheck%         src
------------------------------------------------------------------------------------------------------------
   1 2986.94  0.04     11.0     54.9   148.8  90.92  885.4 460.1 2644738.7       0   0.0    -0.0 aiperf nvml
   2 1509.50  0.08     21.7    108.5   318.2  91.23  898.8 473.5 1356744.9       0   0.0    -0.0 aiperf nvml
   4  755.93  0.17     43.3    216.7   351.6  91.23  916.3 491.1  692694.8       0   0.0    -0.0 aiperf nvml
   8  382.48  0.33     85.7    428.4   384.3  92.15  958.9 533.6  366744.7       0   0.0    -0.0 aiperf nvml
  16  197.49  0.65    165.9    829.6   635.6  94.06 1044.7 619.5  206325.3       0   0.0    -0.0 aiperf nvml
  32  102.46  1.25    319.8   1599.0   994.3  95.85 1196.4 771.1  122590.7       0   0.0    -0.1 aiperf nvml

Tokens produced
conc reqs in_tok out_tok all_tok OSLavg OSLp50 OSLmin OSLmax OSLstd tgt
-----------------------------------------------------------------------
   1  128 131072   32768  163840  256.0    256    255    257    0.1 256
   2  128 131072   32769  163841  256.0    256    256    257    0.1 256
   4  128 131072   32768  163840  256.0    256    256    256    0.0 256
   8  128 131072   32768  163840  256.0    256    256    256    0.0 256
  16  128 131072   32769  163841  256.0    256    256    257    0.1 256
  32  128 131072   32768  163840  256.0    256    256    256    0.0 256

Token energy efficiency
conc tok/J tok/J_dyn mJ/outTok mJ/allTok    J/req
-------------------------------------------------
   1  0.01      0.02   80711.0   16142.2 20662.02
   2  0.02      0.05   41403.3    8280.9 10599.57
   4  0.05      0.09   21139.4    4227.9  5411.68
   8  0.09      0.16   11192.2    2238.4  2865.19
  16  0.16      0.27    6296.4    1259.3  1611.92
  32  0.27      0.41    3741.2     748.2   957.74

wrote results/aiperf/sophia-20260820-185832/summary.json
