idle floor: 419.15 W   |   6 run(s)

Load and power
conc   dur_s req/s outTok/s allTok/s TTFT_ms ITL_ms avg_W dyn_W  energy_J idleDev idle% xcheck%         src
-----------------------------------------------------------------------------------------------------------
   1 2942.76  0.04     11.1     55.7   176.7  89.45 690.8 271.6 2032839.6       4  30.4    -0.0 aiperf nvml
   2 1493.54  0.09     21.9    109.7   353.2  90.12 701.8 282.7 1048168.5       4  30.1    -0.0 aiperf nvml
   4  744.60  0.17     44.0    220.0   400.0  89.65 719.9 300.8  536072.5       4  29.3    -0.0 aiperf nvml
   8  381.63  0.34     85.9    429.3   469.1  91.60 754.4 335.3  287910.4       4  28.0    -0.0 aiperf nvml
  16  196.41  0.65    166.8    834.1   804.8  92.91 821.3 402.1  161311.5       4  25.8    -0.1 aiperf nvml
  32  105.37  1.21    311.0   1554.8  1233.9  97.77 926.3 507.1   97610.2       4  22.9    -0.1 aiperf nvml

Tokens produced
conc reqs in_tok out_tok all_tok OSLavg OSLp50 OSLmin OSLmax OSLstd tgt
-----------------------------------------------------------------------
   1  128 131074   32768  163842  256.0    256    256    256    0.0 256
   2  128 131072   32767  163839  256.0    256    255    256    0.1 256
   4  128 131072   32770  163842  256.0    256    256    258    0.2 256
   8  128 131072   32770  163842  256.0    256    256    258    0.2 256
  16  128 131072   32769  163841  256.0    256    256    257    0.1 256
  32  128 131072   32769  163841  256.0    256    256    257    0.1 256

Token energy efficiency
conc tok/J tok/J_dyn mJ/outTok mJ/allTok    J/req
-------------------------------------------------
   1  0.02      0.04   62037.3   12407.3 15881.56
   2  0.03      0.08   31988.5    6397.6  8188.82
   4  0.06      0.15   16358.6    3271.9  4188.07
   8  0.11      0.26    8785.8    1757.2  2249.30
  16  0.20      0.41    4922.7     984.6  1260.25
  32  0.34      0.61    2978.7     595.8   762.58

wrote results/aiperf/sophia-20260820-170233/summary.json
